Update: 2025-01-28 14:20:08.351205
Update: 2025-01-29 17:31:37.546161
Update: 2025-01-30 09:40:05.956843
Update: 2025-01-31 09:53:39.237099
